14975795
59648492
105999227
153714141
206685244
229290310
271583812
312918299
343474170
400979592
431004323
490703379
513961496
563986266
635392807
671955943
685495730
753078139
805793863
828591071
874803248
900708947
959468703
982596328
1033612716
1091036395
1109987967
1170304115
1210501224
1266177354
1293224838
1320547252
1394412112
1406427155
1454866521
1490515864
1565862082
1608956524
1650201084
1676541057
1731695015
1775006733
1818999764
1862387735
1879088165
1947117381
1995956624
2031435921
2047708883
2088007341
2130408676
2188588729
2221982372
2271482757
2321389997
2342839059
2409773785
2433649581
2486950068
2540574930
2581869740
2604844962
2650174970
2715226104
2757807190
2767646530
2812875811
2855838758
2911928113
2961422397
3014717076
3046792178
3094326867
3125813779
3172421288
3192431702
3259325970
3295756456
3354044054
3391750311
3406935360
3449088495
3503237452
3555159982
3582066958
3651531793
3666511688
3721726703
3767068431
3799035805
3840498377
3908286815
3921545631
3967809179
4020983159
4052654320
4086645628
4145149272
4182675294
4213558178
4272688784
